01/09/2016 16 19 32 34 57 13
01/06/2016 02 11 47 62 63 17
01/02/2016 05 06 15 29 42 10
12/30/2015 12 36 38 54 61 22
12/26/2015 27 40 44 59 65 20
12/23/2015 16 38 55 63 67 25
12/19/2015 28 30 41 59 68 10
12/16/2015 09 10 32 42 55 06
12/12/2015 02 14 19 30 62 22
12/09/2015 07 10 16 46 56 01
12/05/2015 13 27 33 47 68 13
12/02/2015 14 18 19 32 64 09
11/28/2015 02 06 47 66 67 02
11/25/2015 16 29 53 58 69 21
11/21/2015 37 47 50 52 57 21
11/18/2015 17 40 41 46 69 06
11/14/2015 14 22 37 45 66 05
11/11/2015 04 26 32 55 64 18
11/07/2015 07 16 25 50 53 15
11/04/2015 02 12 17 20 65 17
10/31/2015 09 20 25 47 68 07
10/28/2015 04 54 56 62 63 10
10/24/2015 20 31 56 60 64 02
10/21/2015 30 32 42 56 57 11
10/17/2015 48 49 57 62 69 19
10/14/2015 15 20 29 31 40 01
10/10/2015 12 27 29 43 68 01
10/07/2015 18 30 40 48 52 09
10/03/2015 06 26 33 44 46 04
09/30/2015 21 39 40 55 59 17
09/26/2015 23 31 42 50 57 05
09/23/2015 08 29 41 51 58 05
09/19/2015 12 17 26 43 48 24
09/16/2015 05 07 24 31 39 07
09/12/2015 02 03 13 16 35 27
09/09/2015 44 45 47 50 51 08
09/05/2015 10 16 18 29 45 19
09/02/2015 17 22 30 46 56 16
08/29/2015 18 21 25 28 29 16
08/26/2015 02 22 32 45 56 12
08/22/2015 04 12 14 21 55 07
08/19/2015 06 08 43 48 50 07
08/15/2015 03 13 17 42 52 24
08/12/2015 08 13 29 38 52 28
08/08/2015 09 34 48 52 54 15
08/05/2015 09 11 14 16 42 19
08/01/2015 07 13 24 49 57 15
07/29/2015 04 22 27 28 52 35
07/25/2015 27 29 34 41 44 02
07/22/2015 12 31 43 44 57 11
07/18/2015 06 37 39 45 55 33
07/15/2015 13 16 34 45 50 11
07/11/2015 11 39 46 52 54 03
